-45.2623   17.8603
A 5.24 0.56 3.89 0.08 0.48 0.40 0.48 3.97 2.38 2.78 0.87 1.27 0.95 0.71 0.16 0.24 0.08 0.32 1.03 12.0 0.40 1.03 1.67 0.40 0.16 0.48 8.89 0.16 0.16 0.08 0.71 0.63 0.56 0.32 
C 1.15 0.38 1.92 1.92 4.60 1.53 0.38 0.00 1.53 7.67 1.92 0.38 0.00 1.15 0.00 0.77 0.00 0.00 0.00 1.53 0.77 0.00 8.05 6.90 0.38 0.77 3.83 0.77 0.00 0.77 1.92 0.38 0.77 1.53 
D 0.00 2.44 0.12 0.00 0.00 0.58 0.12 0.00 0.12 0.46 0.00 0.23 0.35 0.35 1.39 4.07 0.12 4.07 1.16 0.00 0.00 2.90 3.72 0.00 1.28 0.46 0.00 0.00 1.28 0.00 5.93 0.46 2.67 1.63 
E 0.47 2.25 0.66 0.38 0.00 1.13 0.66 0.00 0.47 0.56 0.28 0.94 1.50 1.22 1.50 2.07 0.28 3.10 3.95 0.00 1.69 3.57 0.00 0.00 2.63 2.35 0.00 0.00 4.70 0.28 1.13 1.13 1.50 0.47 
F 0.15 0.30 0.60 1.06 0.91 0.00 0.00 0.00 1.06 0.30 3.32 4.38 0.45 0.00 0.00 0.00 4.99 0.00 0.15 0.00 0.15 0.15 1.51 6.65 0.00 0.15 0.00 0.00 0.00 0.00 0.45 0.00 0.15 2.57 
G 0.44 0.00 1.07 0.00 0.62 1.24 0.00 9.32 0.09 0.09 0.00 0.09 0.71 0.36 5.42 0.00 0.00 0.36 0.36 0.09 0.18 0.36 0.00 0.18 0.18 0.00 0.62 0.00 0.53 0.00 0.18 0.09 0.71 0.00 
H 1.64 0.00 0.00 3.00 0.55 1.36 0.00 0.00 2.45 0.27 1.91 1.36 0.55 0.00 0.00 0.82 1.64 0.27 0.00 0.00 0.00 1.36 5.18 0.00 0.55 0.55 0.00 0.55 0.00 1.36 1.36 1.09 1.91 2.73 
I 1.15 0.73 0.63 0.42 0.52 0.00 2.20 0.00 0.31 1.15 0.00 0.84 0.31 0.21 0.00 0.21 0.94 0.21 0.31 0.00 5.65 0.42 0.52 0.10 0.21 0.00 0.21 5.03 0.31 2.72 0.21 0.10 0.21 0.31 
K 0.00 3.09 0.41 0.41 2.58 0.52 1.44 0.00 0.82 0.62 0.62 1.03 4.85 1.86 3.20 3.20 0.41 1.55 3.92 0.00 0.93 2.89 0.21 0.00 1.96 5.67 0.00 0.41 2.37 0.62 1.65 1.03 2.17 0.41 
L 0.39 0.84 1.73 2.51 0.71 0.45 4.11 0.00 1.09 1.54 1.48 1.61 0.71 2.89 0.06 0.26 1.73 0.32 0.84 0.00 2.25 0.13 0.90 1.28 0.84 0.13 0.19 5.01 0.39 4.43 0.39 0.00 0.06 0.58 
M 0.52 0.00 0.52 0.26 0.78 0.52 1.55 0.00 1.81 1.81 0.00 1.81 1.29 3.62 0.26 0.78 1.29 0.52 0.52 0.00 0.78 0.52 0.26 0.00 0.00 0.26 0.00 0.26 0.78 1.29 0.00 0.26 0.00 0.26 
N 0.14 1.29 0.00 0.14 2.44 8.89 0.14 0.00 5.30 0.00 0.57 0.29 1.29 1.00 2.44 3.44 0.29 1.43 1.29 0.00 0.00 1.29 0.43 0.00 1.86 1.00 0.00 0.14 0.72 0.29 3.44 0.29 3.30 6.74 
P 2.01 0.25 0.00 0.13 0.00 0.00 0.00 0.00 0.00 0.00 0.00 0.00 0.00 0.00 0.00 0.00 0.75 0.50 0.13 0.00 0.00 0.25 0.00 0.00 0.00 0.00 0.00 0.00 0.00 0.00 0.00 11.6 0.00 1.01 
Q 0.16 0.94 0.47 0.94 0.63 0.47 0.78 0.00 1.72 0.16 1.57 1.25 2.35 2.50 0.78 2.97 0.16 2.66 1.57 0.00 0.00 1.72 0.31 0.00 2.50 2.03 0.00 0.31 2.19 0.78 1.41 0.00 0.94 0.47 
R 0.12 0.94 0.35 0.59 0.35 2.82 4.11 0.00 0.00 0.12 0.23 0.70 0.70 0.82 1.06 1.29 0.00 1.29 0.59 0.00 0.47 0.94 0.00 0.00 1.88 3.75 0.00 0.47 1.99 0.59 0.59 1.17 0.82 0.47 
S 1.41 0.79 0.79 0.00 1.93 0.70 0.00 0.62 0.35 0.97 0.00 0.53 1.41 0.62 0.70 0.26 0.35 0.62 0.35 0.09 0.18 0.70 0.79 0.09 0.97 0.35 0.88 0.09 0.70 0.26 0.44 1.14 1.67 0.97 
T 0.89 0.67 1.33 0.00 1.22 0.55 0.00 0.00 0.89 1.22 0.00 1.00 0.44 1.11 0.00 0.00 0.00 0.33 0.55 0.33 0.00 0.22 0.55 0.11 2.66 0.78 0.33 0.55 1.11 0.22 0.33 0.22 1.78 0.22 
V 0.73 1.47 1.19 0.09 0.55 0.09 0.09 0.00 0.92 2.02 0.09 0.46 0.00 0.28 0.00 0.00 0.28 0.73 0.00 0.28 2.02 0.09 0.18 0.09 0.18 0.00 1.38 1.01 0.09 1.83 0.37 0.09 0.18 0.18 
W 0.00 0.00 0.00 12.0 0.00 0.00 0.52 0.00 0.00 0.00 0.52 0.00 0.00 0.00 0.00 0.00 2.08 0.52 0.52 0.00 0.00 0.00 0.00 0.00 0.00 0.52 0.52 0.52 0.00 0.00 0.00 0.00 0.00 2.60 
Y 1.37 0.39 1.18 9.80 4.51 0.20 0.00 0.20 0.20 0.00 13.3 2.55 0.59 0.39 0.00 0.20 10.6 0.20 0.39 0.00 1.18 0.00 3.33 13.7 0.20 0.20 0.00 0.20 0.78 1.76 0.39 0.20 0.39 1.96 
